temp, rainfall,window
123456.0989809
123456.0989809
123456.0989809
123456.0989809
123456.0989809
123456.0989809
123456.0989809
123456.0989809
123456.0989809
123456.0989809
123456.0989809
123456.0989809
123456.0989809
123456.0989809
123456.0989809
123456.0989809
123456.0989809
123456.0989809
123456.0989809
123456.0989809
123456.0989809
123456.0989809
123456.0989809
123456.0989809
123456.0989809
123456.0989809
123456.0989809
123456.0989809
123456.0989809
123456.0989809
123456.0989809
123456.0989809
123456.0989809
123456.0989809
123456.0989809
123456.0989809
123456.0989809
123456.0989809
123456.0989809
123456.0989809
123456.0989809
123456.0989809
123456.0989809
123456.0989809
123456.0989809
123456.0989809
123456.0989809
123456.0989809
123456.0989809
123456.0989809
123456.0989809
123456.0989809
123456.0989809
123456.0989809
123456.0989809
123456.0989809
123456.0989809
123456.0989809
123456.0989809
123456.0989809
123456.0989809
123456.0989809
123456.0989809S
